  chk0=
    +0.00000e+00

  gam=
    +6.66667e-01

  sx=
    +5.26504e+00    +4.26504e+00    +3.26504e+00

  chk0=
    +1.06131e-15

  fff=
    +0.00000e+00    +0.00000e+00    +0.00000e+00    +0.00000e+00    +0.00000e+00    +0.00000e+00
    +0.00000e+00    +0.00000e+00    +0.00000e+00    +0.00000e+00

  chk0=
    +0.00000e+00

  x=
    -9.38722e-02    +2.48290e-01    -3.71511e-01    +4.70311e-01    +3.34708e-01    -5.76148e-01
    -8.17669e-02    -3.44549e-01    -1.14866e-01    +1.48637e-01    +4.30073e-01    -2.48973e-01
    -4.93445e-02    +1.43677e-01    +4.52092e-01    +3.65641e-01    +7.69097e-02    +1.91940e-01
    -2.58300e-02    -1.24647e-01    -2.39523e-01    +6.17335e-02    +1.67313e-01    -6.00598e-01
    +2.09215e-03    +6.82211e-01    +4.30759e-01    +1.53469e-01    +3.57238e-03    +6.45222e-01
    +1.64515e-01    +4.08272e-01    -1.84998e-01    -5.82804e-02    -1.59839e-01    +3.03481e-01
    +7.03567e-02    -1.94711e-01    +2.21779e-01    -3.24083e-01    -2.72502e-01    +1.74454e-01
    -3.62767e-01    +5.31739e-01    +4.62311e-01    -7.57997e-01    -3.51068e-01    -2.51251e-01
    -3.77066e-01    +4.35227e-01    +3.49846e-01    -3.70385e-01    +6.49489e-02    +1.26755e-01
    +1.57715e-01    +3.48070e-01    -2.52874e-02    +5.11873e-01    -1.93254e-01    -8.25072e-02
    -2.45206e-01    +6.98248e-02    +3.66008e-01    -1.07882e+00    +1.04597e-01    +9.42615e-01
    +7.96899e-01    -1.65312e-01    -1.68349e-01    +6.99775e-01    -2.75568e-02    +9.70242e-01
    -3.42755e-01    -2.46694e-01    -1.44834e-01    +4.48245e-01    +1.25386e-01    -7.04753e-01
    +4.16508e-01    -7.56040e-01    +6.42813e-02    -3.63065e-01    +5.70638e-01    -4.19407e-01
    -2.33197e-01    +3.42517e-01    -2.61514e-01    +5.85437e-01    -2.38903e-02    +2.61168e-01
    -5.42079e-01    +2.04314e-01    +1.23270e-01    -2.67098e-01    -9.13112e-01    -4.51299e-01
    -2.74627e-01    +1.11277e-01    -1.47666e-01    +2.41958e-01    +2.77303e-01    -1.29856e-01
    +7.62101e-02    +1.96923e-01    +8.62767e-02    -4.61493e-01    -3.61186e-02    -4.65341e-01
    -1.07578e-01    -6.92918e-01    -3.14399e-01    +2.47157e-01    +5.37239e-02    -5.52300e-02
    +1.83064e-01    -9.35114e-02    -1.37629e-02    -3.80890e-01    -9.55521e-02    -7.31823e-02
    +5.84529e-01    +2.76441e-02    +4.69377e-01    +1.50174e-01    -1.22809e-02    -3.36050e-01
    -1.16374e-01    +2.79646e-01    +5.41467e-01    +3.06435e-01    +1.50980e-01    +2.23650e-01
    -2.37770e-01    -2.85577e-01    -1.60892e-01    -4.61148e-02    -2.23899e-01    -1.75525e-01
    +7.69026e-02    +1.70486e-01    +3.76122e-02    -2.37477e-01    +1.03922e-01    +2.81432e-01
    -1.15056e-01    +2.11301e-02    +6.46064e-02    +3.07614e-01    +3.48311e-01    -7.61870e-02
    +3.50761e-01    +1.48073e-01    +1.05665e-01    +3.53357e-01    -5.87069e-02    +2.75117e-01
    +3.07360e-03    +1.65987e-02    -2.56677e-01    +2.47333e-01    +1.34107e-01    +1.85345e-01
    -6.10352e-02    +5.12346e-01    +3.46815e-01    -7.66357e-01    -2.77452e-01    -9.31170e-02
    +4.80306e-02    +4.44631e-01    +4.01727e-01    -1.58321e-01    -1.06240e-01    -3.90613e-02
    +1.38370e-01    +2.76275e-01    -1.09230e-01    +2.43265e-01    -7.19244e-02    +7.71752e-03
    -1.86379e-01    -6.94600e-02    +3.05110e-01    -6.19727e-01    -3.74649e-03    +7.31601e-01
    +5.98698e-01    +1.20739e-01    +9.48740e-02    +5.36728e-01    +2.21834e-01    +7.30290e-01
    -1.86476e-01    +3.61078e-02    -1.58724e-01    +4.82413e-01    +9.12197e-02    -4.33304e-01
    +1.57482e-01    -3.78055e-01    -2.34127e-02    +1.64966e-02    +1.70561e-04    +1.51695e-01
    +1.33679e-01    -2.64965e-01    -1.75709e-01    +2.09747e-02    -7.81039e-02    +2.27580e-01
    +6.93311e-02    -8.04909e-02    +1.33755e-02    -2.30856e-02    -8.60971e-02    +5.87765e-02
    -7.20345e-02    +1.80179e-01    -8.12645e-02    +2.25921e-02    -4.63795e-02    -1.94344e-02
    +1.54362e-01    -3.30787e-01    +3.65350e-02    +2.79701e-01    +2.90156e-01    -8.84712e-02
    -3.60501e-02    +1.49347e-01    -1.32034e-02    +4.00933e-01    -1.04463e-01    -5.66142e-02
    -3.39257e-02    +1.80247e-01    +4.37460e-02    -3.04690e-01    +1.08275e-01    -2.55012e-01
    +3.59903e-01    -1.90442e-01    +5.49832e-01    -2.58182e-01    -2.31417e-01    +2.05275e-01
    -6.68598e-02    +4.41917e-01    +3.31896e-01    +1.27544e-01    -2.60393e-01    +2.87202e-01
    -7.00899e-02    -2.74648e-01    -5.03729e-01    -3.08139e-01    -2.09042e-01    -1.70035e-01
    +2.38102e-02    +2.01033e-01    +2.02005e-01    -1.79292e-01    -2.17833e-02    +5.03395e-01
    -4.25773e-02    -4.45505e-01    -2.04962e-01    -1.75759e-02    +1.53852e-01    -5.20734e-01
    +2.81667e-02    -9.47064e-02    +1.63333e-01    +1.99851e-01    +9.18329e-02    -4.11623e-02
    -3.88256e-02    +3.76599e-02    -2.67992e-01    +2.84785e-01    +3.45233e-01    +3.77793e-02
    +2.72073e-01    +1.92883e-01    +7.65173e-02    -3.70343e-01    -1.64769e-01    +1.66505e-01
    +2.89936e-01    +3.11889e-01    +1.49809e-01    +8.53919e-02    -1.42839e-01    -1.81229e-01
    -1.20540e-01    +1.93115e-02    -1.71088e-01    -8.12953e-03    +5.28671e-03    +1.10706e-01
    -1.20447e-02    -1.53695e-01    +1.50542e-01    -2.26711e-02    -5.26543e-02    +1.88176e-01
    +2.07853e-01    +1.53334e-01    +1.97523e-01    +6.03192e-02    +2.18574e-01    +3.14300e-01
    +3.46189e-03    +1.87190e-01    -6.14007e-02    +2.76317e-01    +2.74810e-02    -1.53201e-01
    -9.31582e-02    +8.22395e-03    +2.90426e-01    +1.75135e-01    -4.91647e-02    +1.00049e-01
    -5.26981e-02    -1.70143e-02    +2.86343e-01    -1.77348e-01    +3.79495e-01    -2.53829e-01
    +2.62158e-01    +1.08577e-01    -1.97466e-01    +1.79324e-02    +4.80151e-01    +1.30557e-01
    +1.12399e-01    -3.63560e-01    +2.11524e-01    -6.26578e-02    -6.30404e-02    -3.08790e-02
    -1.74019e-01    +4.46525e-01    -1.45510e-01    -9.99135e-02    -3.03264e-01    +4.95021e-01
    +2.72872e-01    +1.25682e-01    +3.49551e-01    -5.37853e-01    +1.53685e-01    +2.74337e-01
    -7.95973e-02    -3.47066e-02    -4.49210e-02    +5.70119e-01    -2.13391e-01    +4.71894e-01
    +4.35229e-01    +3.45300e-01    -1.49759e-01    +3.77350e-01    +8.84128e-02    -3.56372e-01
    +3.04279e-01    -3.35874e-01    +5.30685e-01    -1.95693e-01    +5.64976e-01    +6.28203e-02
    -3.19339e-01    +3.70247e-02    +7.94481e-01    +3.30030e-01    +1.37413e-01    -4.05413e-01
    +2.71623e-01    -1.06596e-01    -1.86173e-01    -5.47555e-02    -1.23229e-01    +3.38236e-01
    -2.05902e-01    +1.98410e-01    -1.70975e-01    +7.60478e-01    +4.14518e-01    +4.50015e-01
    +5.88520e-01    -4.64676e-01    +1.28305e-01    +3.88165e-01    -1.87749e-01    +1.50504e-01
    -2.34551e-02    +6.37354e-01    -2.15320e-01    +4.94535e-01    +4.79801e-01    +1.16644e-01
    +1.96296e-01    +6.14647e-02    -1.05573e-01    -4.27953e-02    +2.12564e-01    +1.24586e-02
    +5.42610e-01    -1.25351e-01    +2.05690e-01    +2.17330e-01    -2.47531e-01    -1.15686e-01
    +2.69934e-01    +3.16113e-02    -1.48473e-03    -4.05461e-01    +2.12018e-01    +3.16634e-02
    +1.07835e-03    -1.25209e-01    -1.36605e-01    +5.84065e-01    -1.66418e-01    -1.91600e-01
    -3.05023e-01    +5.07795e-01    +3.60316e-01    -3.08578e-02    +3.98979e-01    -4.68524e-01
    +2.00651e-01    +3.73864e-01    -6.23258e-02    +2.22350e-02    -4.87113e-02    +5.21326e-01
    -3.13753e-01    +5.46195e-01    -2.87807e-01    -2.38783e-01    +1.51961e-01    -1.43291e-01
    +4.08320e-02    +2.06909e-02    -3.75220e-01    +2.89000e-01    -4.05752e-01    +3.53545e-01
    -3.47440e-01    -9.09946e-02    +2.25012e-01    -7.10042e-02    -6.68594e-01    -2.00186e-01
    -1.78731e-01    +4.27531e-01    -2.58438e-01    +1.11704e-01    +1.03361e-01    +3.79918e-03
    +2.23615e-01    -4.89296e-01    +1.70816e-01    +7.96815e-02    +3.64081e-01    -6.04043e-01
    -3.03539e-01    -2.18716e-01    -4.13240e-01    +6.76595e-01    -1.68872e-01    -3.00145e-01
    +1.05986e-01    +5.77701e-02    +5.25913e-02    -7.12204e-01    +2.22700e-01    -5.46791e-01
    +3.61956e-01    -1.82474e-01    +5.59590e-01    -1.88301e-01    -1.72946e-01    +8.18149e-02
    -1.46281e-01    +4.56786e-01    +3.09087e-01    +2.33733e-01    -2.26571e-01    +2.56538e-01
    -6.92969e-02    -2.90697e-01    -5.44518e-01    -2.83148e-01    -2.45256e-01    -9.47584e-02
    -1.01491e-02    +2.14445e-01    +1.82343e-01    -1.92780e-01    +4.80877e-02    +3.64170e-01
    -2.90182e-02    -3.22187e-01    -7.63135e-02    -4.96922e-02    +1.45443e-01    -4.56553e-01
    +2.99144e-02    +8.41791e-02    +1.19724e-01    +1.82506e-01    +7.56371e-02    +4.37488e-02
    -1.95671e-02    -9.54777e-02    -2.25883e-01    +1.78186e-01    -4.13850e-01    +2.67418e-02
    -3.86532e-01    -1.55402e-02    +6.98285e-02    +1.22116e-01    +6.37355e-02    -2.52825e-01
    -3.88554e-01    -1.80376e-01    -2.35759e-02    -1.97470e-01    +1.52317e-01    +2.20056e-01
    +1.91849e-01    +9.83437e-02    +1.65906e-01    +1.54513e-01    -5.70287e-02    -1.38478e-01
    -6.94575e-02    +1.72415e-01    -3.96489e-02    -3.01439e-01    +7.85054e-02    +1.11014e-01
    +3.54748e-02    -1.80745e-01    -2.35738e-01    +1.70085e-01    -2.07890e-01    -2.51193e-02
    -1.05731e-01    -2.50520e-01    +1.05106e-02    -1.30833e-01    +1.08635e-02    -4.73628e-02
    +2.14940e-01    -2.27547e-01    -3.05459e-02    +1.22245e-01    -1.45499e-01    +3.08723e-01
    +2.30054e-01    -4.32742e-01    -1.47990e-01    -1.29163e-01    -7.49153e-02    +2.17611e-01
    +2.40923e-01    -1.50264e-01    -2.43928e-02    +3.77825e-02    +1.43060e-01    +1.97084e-01
    -1.89970e-02    +1.87184e-01    -5.73565e-02    -3.46116e-02    -1.33547e-01    +5.44838e-03
    +1.72789e-01    -4.56455e-01    +1.80025e-02    +4.75300e-01    +3.71065e-01    +2.85837e-02
    -4.95722e-03    +3.75617e-01    +8.09585e-02    +4.31694e-01    -1.41324e-01    -4.48440e-02
    -9.45906e-02    +2.56855e-01    +5.80732e-02    -2.70727e-01    +1.53466e-01    -2.88422e-01
    +6.30366e-01    +2.36659e-01    +2.14680e-01    +4.13654e-01    +1.22577e-01    -5.87097e-01
    +7.41193e-03    -9.48843e-03    +6.28676e-01    +2.11871e-01    +4.80391e-01    +1.37159e-01
    -3.40398e-01    -1.76621e-01    +3.27031e-01    +2.03788e-01    -1.03887e-01    -2.55965e-01
    +1.67750e-01    +5.93324e-02    -1.15032e-01    -1.98830e-01    +8.18671e-02    +1.97399e-01
    -1.78522e-01    +2.95060e-01    +1.05596e-01    +6.09800e-01    +4.56894e-01    +3.09085e-01
    +5.77055e-01    +4.57822e-02    +8.62768e-02    +4.32366e-01    -1.71463e-01    +3.73951e-01
    +1.29907e-02    +2.21372e-01    -2.35017e-01    +3.13552e-01    +2.08458e-01    -1.27650e-01
    +3.57834e-01    -1.24189e-01    -1.03967e-01    +4.93474e-02    -1.15211e-01    +3.02037e-01
    +1.67954e-01    +1.69020e-01    -1.60969e-01    +1.53706e-01    -2.98047e-02    -1.85671e-01
    -3.79801e-01    -1.87683e-01    -1.64217e-01    -3.19374e-02    -2.24332e-02    +1.40522e-01
    +1.19267e-01    -1.20178e-01    +4.48295e-02    +1.94629e-01    -7.63324e-03    -1.93137e-01
    -2.29799e-02    -6.75217e-02    +7.24065e-02    -2.95901e-01    -5.83369e-03    +9.66919e-02
    +6.35606e-02    +9.54908e-02    +5.30307e-02    +3.26372e-02    -8.62611e-03    -1.04788e-01
    -1.26535e-01    +7.61131e-02    +4.67092e-01    -4.31213e-01    +9.75857e-01    -5.50051e-01
    -4.13169e-01    +4.49239e-01    -2.17683e-01    +8.54187e-01    +3.86953e-01    +2.87544e-01
    -6.17330e-01    +4.61169e-01    -1.55111e-02    -4.76336e-01    -1.10805e+00    -6.23161e-01
    -3.99826e-01    -1.49551e-01    -5.02029e-02    +3.74347e-01    +3.98528e-01    -2.85880e-01
    +9.23280e-03    +7.27248e-01    -4.40295e-03    -8.03478e-01    -2.78859e-01    -2.76817e-01
    +1.25446e-01    -1.01650e+00    -1.41387e-01    +5.91820e-03    +2.30147e-01    +2.10636e-01
    +2.13631e-01    -1.09983e-01    -5.61590e-02    -1.53373e-01    -3.78760e-01    +3.11505e-01
    -3.24104e-01    -8.22815e-02    -1.66521e-01    -1.66675e-01    -3.88807e-02    +2.62742e-01
    +2.42253e-02    -5.52008e-02    -3.13857e-01    -1.35070e-01    -1.87194e-01    -8.94449e-02
    +1.58865e-01    +1.16476e-01    -7.08901e-02    -5.69935e-02    +8.09322e-02    +1.16367e-01
    -6.88822e-02    -5.47913e-02    +2.99578e-02    +1.13617e-01    -5.01319e-02    -1.17294e-01
    +8.08989e-02    -1.03501e-01    -5.15625e-02    -2.59152e-01    -2.19022e-01    -8.60023e-02
    -2.58604e-01    -5.11466e-02    -4.82411e-02    -2.11866e-01    +6.79431e-02    -1.80174e-01
    -5.44731e-03    -7.05031e-02    +1.27453e-01    -1.48759e-01    +5.48885e-01    -8.25452e-02
    +6.06376e-01    +4.85489e-02    -4.74676e-02    -2.72971e-01    -2.34647e-01    +4.42792e-01
    +4.67490e-01    +4.22522e-01    -1.07747e-02    +2.46385e-01    -1.76024e-01    -3.50332e-01
    -4.52877e-01    -1.66025e-01    -3.09325e-01    -7.79300e-02    +2.92746e-03    +2.37028e-01
    +1.07754e-01    -2.62856e-01    +1.60198e-01    +2.29789e-01    -6.88678e-02    -4.82614e-02
    +1.25923e-01    +1.14017e-01    +2.76016e-01    -2.43968e-01    +2.20429e-01    +3.19725e-01
    +8.53241e-02    +2.91304e-01    -6.25431e-03    +2.71432e-01    +1.03073e-02    -1.84438e-01
    -2.35529e-01    +1.35373e-01

  y=
    -2.72205e-01    +2.14782e-01    -2.71401e-01    +3.88563e-01    +2.36741e-01    -6.90073e-01
    -1.92856e-01    -2.00595e-01    -1.08393e-01    +4.10949e-01    +5.61900e-01    -2.49054e-01
    -1.67876e-01    +1.52054e-01    +3.20654e-01    +3.62505e-01    -2.93689e-01    +1.38828e-01
    -7.26335e-02    -6.18058e-02    -1.16532e-01    +2.44965e-01    +3.28779e-01    -5.39881e-01
    +1.44437e-02    +5.42131e-01    +6.70604e-01    -6.30697e-02    -3.07435e-01    +6.09093e-01
    +4.57060e-01    +5.47941e-01    -2.02114e-01    +5.03516e-02    -5.12730e-02    +4.25599e-01
    +1.47767e-03    -2.60283e-01    +2.01436e-02    -4.38071e-01    -4.14711e-01    +1.52708e-01
    -3.20982e-01    +4.53750e-01    +3.20599e-01    -9.55145e-01    -3.79781e-01    -6.86994e-02
    -1.70069e-01    +6.62550e-01    +6.72943e-01    -4.35092e-01    -2.37569e-01    +2.21092e-01
    +2.40442e-01    +5.01198e-01    -4.90660e-01    +3.67160e-01    -6.91504e-02    -1.91181e-02
    -9.19589e-02    +3.15414e-01    +5.84620e-01    -8.66458e-01    +1.00154e-01    +6.88793e-01
    +1.02631e+00    -3.39378e-01    -5.45509e-01    +7.29518e-01    +5.13123e-01    +9.01081e-01
    -3.33624e-01    -5.13162e-02    +1.31897e-02    +5.63249e-01    +6.55557e-02    -5.89552e-01
    +9.96710e-02    -7.93044e-01    +1.40933e-01    -5.12131e-01    +4.71443e-01    -4.11311e-01
    -1.56292e-01    +1.81456e-01    -3.01162e-01    +7.73672e-01    +9.14962e-02    +2.46339e-01
    -4.83996e-01    -1.34862e-01    -3.79882e-02    -2.22261e-02    -8.66204e-01    -1.18629e-01
    -2.25158e-01    +4.48152e-01    +1.59830e-01    +2.89337e-01    +3.18132e-01    -1.72978e-01
    +3.65678e-01    -1.42607e-01    +2.39072e-01    -3.83337e-01    +1.11898e-01    -6.84722e-01
    -2.02275e-01    -6.28379e-01    -4.49327e-01    +3.04100e-01    -1.12166e-01    -3.35707e-01
    +2.83667e-01    -1.72349e-01    +1.61634e-01    -5.98444e-01    +1.16805e-01    -4.49311e-01
    +5.06635e-01    +5.61953e-02    +5.91923e-01    -6.40003e-02    -1.74022e-01    -6.77385e-02
    +1.89349e-02    +1.02643e-01    +3.44173e-01    +1.81068e-01    +6.40561e-02    +2.31802e-01
    -1.97506e-01    -3.13388e-02    -3.09974e-01    -2.41112e-02    -1.11429e-01    -2.14446e-01
    +1.01261e-01    +1.54572e-01    +1.63038e-01    -6.46217e-02    +1.22413e-01    +2.28653e-01
    -4.51606e-02    -6.13638e-02    -1.61897e-02    +3.13471e-01    +2.62545e-01    -2.18816e-01
    +2.05629e-01    +1.51282e-02    +5.67254e-03    +1.97749e-01    -1.17438e-02    +1.06241e-01
    -1.21079e-01    +1.84793e-01    -3.04380e-01    +6.86770e-02    -1.94510e-01    +2.82207e-01
    -1.34410e-01    +4.95551e-01    +2.61702e-01    -9.92230e-01    -2.94009e-01    -1.82634e-01
    -2.34281e-02    +6.71743e-01    +7.82202e-01    -2.83611e-01    -3.13246e-01    +2.03600e-01
    +2.71586e-01    +4.97859e-01    -4.77859e-01    +1.59659e-01    -5.35340e-02    -7.87971e-03
    -8.03761e-02    +3.11150e-01    +5.43891e-01    -6.99931e-01    +2.49830e-02    +7.17786e-01
    +9.59667e-01    -3.65765e-02    -3.61617e-01    +7.35794e-01    +6.86428e-01    +8.12571e-01
    -2.95697e-01    +1.13681e-01    -5.28884e-02    +6.29830e-01    -2.73333e-02    -3.56313e-01
    -7.01976e-02    -6.38460e-01    -2.52991e-01    -4.23199e-02    -2.18660e-01    +8.36018e-02
    +1.17810e-01    -1.90766e-01    -1.35703e-01    +4.16421e-02    -1.44911e-01    +1.32429e-01
    +8.63910e-02    -1.99939e-01    +2.46224e-03    +6.21010e-02    +5.82192e-02    +1.17066e-01
    -1.10691e-01    +2.14956e-01    -3.14375e-02    -2.13032e-02    -3.85786e-02    +7.82934e-02
    +1.46970e-01    -3.05915e-01    +6.81917e-02    +1.43882e-01    +2.71165e-01    -2.69229e-01
    -2.45345e-01    +1.76752e-01    +4.32648e-03    +2.52981e-01    -9.73501e-02    -1.18293e-01
    +4.10663e-02    +8.27143e-02    +7.55718e-02    -2.77806e-01    +1.39329e-01    -2.71545e-01
    +6.27853e-01    -6.65514e-02    +6.86951e-01    -2.94974e-01    -3.05482e-01    +3.89211e-01
    +1.60562e-01    +1.86143e-01    +3.75823e-01    -1.23689e-01    -2.91878e-01    +3.80221e-01
    -6.33332e-02    -1.28112e-01    -4.47075e-01    -2.56757e-01    +1.06992e-01    -3.07241e-01
    +1.30933e-01    +1.64917e-01    +2.07450e-01    -2.12093e-01    -1.27630e-01    +5.71283e-01
    -6.22064e-02    -3.96202e-01    -4.66344e-01    +3.57567e-01    +4.50028e-01    -5.69378e-01
    -9.70479e-02    -3.66434e-01    +1.45244e-01    +1.60711e-01    +9.19050e-03    -1.79222e-01
    -1.17666e-01    +3.69109e-01    -2.92033e-01    +3.75791e-01    +9.61004e-02    +1.86592e-01
    +8.71582e-02    +1.89041e-01    +4.09783e-02    -3.38168e-01    -2.68686e-02    -1.47122e-01
    +9.71268e-02    +2.13569e-01    +3.27742e-01    +2.18393e-02    -1.51728e-01    +5.11857e-02
    +1.16348e-01    +1.54196e-01    -1.37492e-01    -1.04119e-01    -7.17924e-03    +2.53874e-03
    -2.01395e-02    +9.58565e-02    +1.36523e-01    -9.71552e-02    -4.87870e-02    +2.48875e-01
    +2.50322e-01    +2.13545e-01    +2.15172e-02    +2.40773e-01    +3.43530e-01    +1.86661e-01
    -6.38001e-02    +1.57650e-01    -6.70217e-02    +2.46205e-01    -7.70216e-02    +6.28643e-02
    -1.45254e-01    -8.32940e-02    +1.85198e-01    +1.06878e-01    +1.15574e-01    -4.94813e-03
    -7.09102e-02    +1.12096e-01    +1.44050e-01    -1.38036e-01    +1.06542e-01    -1.26311e-01
    +8.20610e-03    +1.75459e-01    -3.71382e-03    -4.37726e-02    +6.99622e-02    -7.01895e-02
    +1.09830e-01    -2.30896e-01    +3.99411e-03    -2.00998e-02    -1.11810e-02    -3.52961e-02
    -1.56364e-01    +2.54611e-01    -8.63180e-02    -5.33248e-02    -2.16659e-01    +3.08596e-01
    +2.19775e-01    -4.82262e-02    +6.90191e-02    -2.29694e-01    +8.81197e-02    +1.42833e-01
    -7.14757e-02    -3.22837e-02    -8.34631e-02    +2.97734e-01    -1.30869e-01    +2.67368e-01
    +3.23569e-01    +5.71865e-01    +6.91670e-02    +3.61194e-01    -2.54847e-04    -2.55681e-01
    +3.18673e-01    -6.88311e-01    +2.25180e-01    -7.48629e-02    +5.55697e-01    +3.47404e-01
    -1.47139e-01    -4.46400e-03    +5.91190e-01    +1.02494e-01    +1.19712e-01    -6.48981e-01
    -6.84289e-02    -1.49526e-01    -1.71509e-01    +1.18108e-01    -2.50811e-01    +3.48168e-01
    -2.82872e-01    +3.37595e-01    -1.18379e-01    +9.80540e-01    +4.43090e-01    +4.39832e-01
    +6.50461e-01    -2.85017e-01    +1.15558e-01    +5.22738e-01    -2.97824e-01    +2.78424e-01
    -2.75298e-01    +7.71407e-01    -3.99715e-01    +5.10775e-01    +4.04891e-01    +2.79387e-01
    +2.78911e-01    +7.12000e-02    -1.19650e-01    +5.07121e-02    +2.50693e-01    -3.10340e-01
    +2.54128e-01    -1.25704e-01    +1.62952e-01    +3.40227e-01    -8.39458e-02    -5.84988e-02
    +1.62433e-01    -6.06033e-02    +1.32970e-01    -4.76338e-01    +9.30799e-03    -2.74015e-02
    -2.07845e-02    -2.50955e-02    -2.17332e-01    +4.31243e-01    -1.80623e-01    +9.91326e-03
    -2.83717e-01    +6.70871e-01    +4.22145e-01    +7.46824e-03    +2.87661e-01    -3.33888e-01
    +1.32134e-01    +3.39202e-01    -1.59999e-01    +5.55923e-02    -1.91826e-01    +5.77959e-01
    -3.17505e-01    +4.52275e-01    -3.48564e-01    -6.23986e-01    -2.94045e-02    -3.58284e-01
    +1.86042e-02    +1.42766e-01    -4.17495e-01    +7.95627e-01    -2.26671e-01    +2.11932e-01
    -5.28349e-01    -4.23728e-01    +1.01762e-01    +3.22231e-02    -6.93138e-01    -4.83569e-02
    -2.26911e-01    +7.62300e-01    +8.48827e-02    +1.93825e-01    +2.09786e-01    -9.99445e-02
    +3.92653e-01    -4.87988e-01    +3.31425e-01    -2.96550e-01    +2.82615e-01    -1.12208e+00
    -5.44468e-01    -4.33498e-01    -6.37136e-01    +4.60462e-01    -1.80141e-01    -5.74305e-01
    +3.41344e-01    -2.19663e-01    +3.05305e-01    -9.39869e-01    +4.22944e-01    -6.89775e-01
    +8.49818e-01    -1.67408e-01    +1.11431e+00    -3.30285e-01    -3.60504e-01    +8.84665e-02
    -6.74531e-02    +5.09090e-01    +5.63107e-01    +3.03668e-01    -2.00314e-01    +3.25196e-01
    -2.79711e-01    -8.01851e-02    -8.72925e-01    -1.44219e-01    -2.11191e-01    -1.50005e-01
    +2.28174e-01    +3.59414e-01    +3.92874e-01    -2.07684e-01    +2.80769e-01    +3.64485e-01
    +3.16538e-02    -3.39553e-01    -8.55983e-02    +1.84124e-01    +3.51612e-01    -6.85420e-01
    +3.98436e-02    +6.12621e-02    -6.01749e-03    +1.41997e-01    +1.10299e-01    +1.49955e-02
    -1.10650e-01    +6.28276e-02    -4.02575e-01    -1.66840e-02    -4.39704e-01    -6.23013e-03
    -5.70914e-01    +5.78097e-02    +1.43729e-01    +1.51432e-01    +6.40643e-02    -1.83562e-01
    -3.11165e-01    -2.75842e-01    -7.75473e-02    -1.47838e-01    +2.15748e-01    +6.14389e-03
    +3.67602e-01    -2.11582e-02    +1.88551e-01    +1.00650e-01    -1.05861e-01    -1.77292e-01
    -1.80261e-01    +4.48293e-02    -2.27162e-01    -9.37708e-02    +5.39270e-04    +2.45394e-02
    -1.18278e-01    -1.66397e-01    -1.55152e-01    +1.96481e-01    -1.94720e-01    -1.56700e-01
    +4.74972e-02    -1.35878e-01    -2.59198e-02    -1.42726e-01    +8.46878e-02    -2.85499e-02
    +2.56493e-01    +8.43836e-02    -3.02657e-01    +2.52573e-02    -3.33466e-01    +1.31400e-01
    +1.42764e-01    -1.63960e-01    -7.05542e-02    -8.67619e-02    -1.83700e-01    +4.22293e-02
    +1.22125e-01    -1.78645e-01    +3.96002e-02    +5.72931e-02    +2.12344e-01    +1.12425e-01
    -3.93292e-02    +1.46047e-01    -6.28402e-02    -8.08228e-02    -9.97232e-02    +9.56356e-02
    +4.75697e-02    -2.61000e-01    +2.96820e-02    +1.74974e-01    +2.02495e-01    -1.73933e-01
    -2.10712e-01    +2.59545e-01    +2.91765e-02    +1.57393e-01    -6.31090e-02    -8.16991e-02
    -3.23491e-03    +7.08466e-02    +5.83454e-02    -1.70944e-01    +1.45039e-01    -1.66632e-01
    +5.73590e-01    +3.60223e-01    +5.53943e-01    +1.99693e-01    -1.08687e-01    -3.77625e-01
    +9.70357e-02    -2.42953e-01    +4.14211e-01    +2.73032e-01    +4.62591e-01    +3.09929e-01
    -3.12266e-01    +1.04529e-02    +2.55775e-02    +1.24092e-01    -1.48964e-01    -4.51063e-01
    +5.34023e-02    +7.68742e-02    +6.03290e-02    +5.50709e-02    +1.15307e-01    +2.22298e-01
    -1.60736e-01    +2.37212e-01    +1.29134e-01    +7.13499e-01    +3.64495e-01    +1.39031e-01
    +6.16315e-01    +5.53251e-02    -4.54437e-03    +4.36100e-01    -1.52071e-01    +3.49406e-01
    -2.38792e-01    +4.36863e-01    -4.72664e-01    +1.57063e-01    +5.59886e-01    -1.39577e-01
    +7.94788e-01    -1.99855e-01    -2.21998e-01    -7.67902e-02    -1.36423e-01    +4.22998e-01
    +3.87961e-01    +3.49214e-01    -7.59599e-02    +1.53102e-01    -2.44753e-01    -2.38214e-02
    -6.66372e-01    -3.25501e-02    -2.52300e-01    -1.08090e-02    +1.67530e-01    +2.81750e-01
    +2.96514e-01    -1.13515e-01    +3.29951e-01    +1.10367e-01    +5.95047e-02    -1.65766e-01
    +1.15278e-01    +2.01013e-02    +1.48493e-01    -4.30426e-01    +7.48563e-02    +2.17446e-01
    -6.83973e-02    +6.61582e-02    +1.06036e-01    +8.84357e-02    -5.58117e-02    -1.01427e-01
    -2.65558e-01    -1.79734e-01    +8.25758e-01    -4.45237e-01    +1.16835e+00    -6.03002e-01
    -4.46832e-01    +4.56842e-01    -9.43872e-02    +8.10212e-01    +5.13865e-01    +1.50629e-01
    -6.14547e-01    +2.99585e-01    -1.51963e-01    -1.38810e-01    -1.17928e+00    -3.23910e-01
    -1.24522e-01    +1.82035e-02    +2.74359e-01    +4.24703e-01    +4.87146e-01    -3.42348e-01
    +2.22115e-01    +4.57147e-01    +1.20962e-01    -6.67184e-01    -3.18800e-01    -1.29110e-01
    +3.16677e-01    -1.06479e+00    -3.70826e-01    -6.92559e-02    +3.80702e-02    -6.09096e-02
    +2.29338e-01    -2.55402e-01    -1.42159e-02    -9.43497e-02    -2.62550e-01    -9.56513e-03
    -1.81971e-01    -2.73131e-01    -1.51714e-01    -2.43781e-01    -3.16606e-02    +4.09031e-01
    -5.59135e-03    +2.28918e-01    -1.59629e-01    -2.44182e-01    -4.29124e-01    -7.98866e-02
    +2.00345e-01    -5.39828e-02    -1.67732e-01    -1.80606e-01    +1.49164e-01    +2.02225e-01
    +7.18789e-03    +7.56316e-04    +2.76621e-02    -1.14105e-01    -1.34985e-01    +5.27140e-02
    +8.80693e-02    -3.08065e-01    -2.64669e-01    -3.67279e-01    -9.21896e-02    -2.97357e-01
    -4.68121e-01    -1.78556e-01    +5.82284e-02    -2.47004e-01    +1.07285e-01    -3.12189e-01
    +1.24756e-01    -1.66995e-01    +2.28618e-01    +3.27434e-02    +8.78697e-01    -1.05106e-02
    +1.13834e+00    -1.47081e-01    -2.99759e-01    -2.40589e-01    -1.14011e-01    +3.82376e-01
    +6.15368e-01    +5.09335e-01    +1.02554e-01    +3.05031e-01    -4.08012e-01    -2.37179e-02
    -7.51044e-01    +1.23664e-02    -3.47904e-01    -2.00870e-01    +2.13670e-01    +3.53603e-01
    +3.63878e-01    -1.07969e-01    +4.22223e-01    +2.21573e-01    +8.66070e-04    -9.35175e-02
    +1.81174e-01    +3.20230e-01    +3.22833e-01    -4.36533e-01    +3.39110e-01    +2.67678e-01
    -7.86689e-02    +2.56621e-01    +5.79180e-02    +2.43702e-01    -1.63021e-01    +6.77182e-02
    -4.99608e-01    -1.36947e-01

  topt=
    +4.67834e+00    +1.67911e-01    -5.49475e-01    +2.29282e-01    +4.52274e+00    +1.78866e-01
    -5.33418e-01    +1.04177e-01    +2.99293e+00

  topt2=
    +4.67834e+00    +1.67911e-01    -5.49475e-01    +2.29282e-01    +4.52274e+00    +1.78866e-01
    -5.33418e-01    +1.04177e-01    +2.99293e+00

  dif=
    +6.10623e-16    -5.82867e-16    +8.88178e-16    -8.88178e-16    -4.71845e-16    +1.27676e-15
    +1.94289e-16    +6.93889e-16    +1.38778e-16    -6.10623e-16    -1.16573e-15    +3.60822e-16


  chk0=
    +1.76694e-14

  topt=  
    +4.67834e+00    +2.29282e-01    -5.33418e-01  
    +1.67911e-01    +4.52274e+00    +1.04177e-01  
    -5.49475e-01    +1.78866e-01    +2.99293e+00

  fgrad=
    +6.07153e-16    +5.16948e-16    -3.89445e-16    +2.81025e-16    +3.79904e-16    -1.49186e-16
    -4.51028e-16    -4.31946e-16    +6.14959e-16

  topt=
    +4.67834e+00    +1.67911e-01    -5.49475e-01    +2.29282e-01    +4.52274e+00    +1.78866e-01
    -5.33418e-01    +1.04177e-01    +2.99293e+00

  chk0=
    +1.34212e-15

  m=
      500

  n=
      400

  k=
        4

  gam=
    +1.25000e+00

  sx=
    +6.05737e+00    +5.05737e+00    +4.05737e+00    +3.05737e+00

  chk0=
    +6.42022e-16

  isubr=
        1      251

  isubc=
        1      211

  err=
    +2.88653e+00

  errhat=
    +2.94805e+00

  rel_err=
    +3.07568e-01

  m=
     2500

  n=
     1700

  k=
        3

  pmin2 =
    +3.00098e-01

  pmax2 =
    +7.98874e-01

  pmin2 =
    +3.00192e-01

  pmax2 =
    +7.99768e-01

  sampled mask=  
        0        1        0        0        0        0        0        1        0        0  
        0        0        1        1        1        0        1        0        1        1  
        0        0        0        0        0        1        0        0        0        1  
        0        0        0        0        1        0        0        0        0        0  
        0        0        0        1        1        0        0        1        0        1

  ppp=
    +3.52353e-01

  ppp2=
    +3.46817e-01

  ppp=
    +3.46400e-01

  ppp2=
    +3.33913e-01

  err=
    +4.54610e+00

  errhat=
    +4.55963e+00

  rel_err=
    +7.01346e-01

  m=
     1000

  n=
     1500

  k=
        3

  sx=
    +3.57936e+00    +2.57443e+00    +7.16497e-01

  chk0=
    +1.27710e-15

  ddd=
    +2.43393e+00

  ddd2=
    +2.40027e+00

  ddd=
    +2.95660e+00

  ddd2=
    +2.88723e+00

  kest=
        2

  err=
    +2.60491e+00

  errhat=
    +2.52179e+00

  rel_err=
    +5.83163e-01

